Point: [93, 4229, 8781]
Point: [144, 4641, 776]
Point: [153, 5986, 7358]
Point: [219, 5524, 8060]
Point: [242, 3057, 3029]
Point: [273, 8172, 616]
Point: [370, 5455, 1712]
Point: [420, 7831, 332]
Point: [420, 8333, 9257]
Point: [455, 9626, 1063]
Point: [483, 1070, 1724]
Point: [504, 6445, 8699]
Point: [641, 4977, 2416]
Point: [662, 8050, 2160]
Point: [734, 7628, 3695]
Point: [766, 2716, 5486]
Point: [780, 6037, 7771]
Point: [905, 6516, 3748]
Point: [907, 949, 3001]
Point: [980, 476, 1272]
Point: [1091, 4226, 3891]
Point: [1091, 5595, 2133]
Point: [1139, 682, 3332]
Point: [1156, 4679, 8058]
Point: [1275, 7921, 546]
Point: [1296, 8935, 1227]
Point: [1302, 3531, 3061]
Point: [1322, 7708, 1471]
Point: [1334, 2865, 4877]
Point: [1389, 2216, 9457]
Point: [1401, 2226, 9817]
Point: [1492, 8426, 8353]
Point: [1507, 9162, 998]
Point: [1520, 8481, 834]
Point: [1523, 9905, 1091]
Point: [1567, 1143, 4923]
Point: [1569, 5151, 3194]
Point: [1570, 8495, 3693]
Point: [1724, 8113, 6729]
Point: [1726, 9037, 5344]
Point: [1783, 7639, 2126]
Point: [1898, 906, 9747]
Point: [2002, 7972, 5980]
Point: [2022, 7408, 8518]
Point: [2030, 7795, 6115]
Point: [2041, 9355, 8260]
Point: [2060, 1871, 5227]
Point: [2104, 2948, 2671]
Point: [2108, 8913, 5662]
Point: [2116, 11, 8943]
Point: [2188, 3706, 350]
Point: [2192, 4923, 3908]
Point: [2262, 3532, 3870]
Point: [2275, 3204, 4612]
Point: [2367, 966, 8764]
Point: [2458, 1487, 5258]
Point: [2467, 4774, 3440]
Point: [2605, 9190, 2296]
Point: [2624, 1143, 5805]
Point: [2736, 2505, 7207]
Point: [2762, 712, 9810]
Point: [2768, 3781, 7114]
Point: [2785, 8555, 4093]
Point: [2969, 6015, 6787]
Point: [2976, 8430, 7409]
Point: [2978, 769, 4548]
Point: [2999, 7126, 3879]
Point: [3004, 9069, 9926]
Point: [3019, 2947, 250]
Point: [3023, 4723, 3982]
Point: [3072, 1532, 5046]
Point: [3086, 698, 6775]
Point: [3128, 298, 8310]
Point: [3163, 6848, 6639]
Point: [3191, 3337, 1194]
Point: [3216, 9377, 6116]
Point: [3256, 1198, 1662]
Point: [3302, 2230, 8306]
Point: [3344, 5503, 5934]
Point: [3410, 1156, 1738]
Point: [3451, 1612, 8088]
Point: [3506, 6835, 9750]
Point: [3523, 5584, 6199]
Point: [3545, 680, 1510]
Point: [3571, 3170, 7928]
Point: [3599, 784, 3335]
Point: [3702, 9293, 459]
Point: [3708, 2423, 5564]
Point: [3760, 3238, 592]
Point: [3847, 447, 5543]
Point: [3861, 2106, 5491]
Point: [3939, 8400, 9922]
Point: [4013, 5585, 2934]
Point: [4033, 9322, 1037]
Point: [4035, 5148, 3914]
Point: [4081, 2659, 5996]
Point: [4093, 7602, 3288]
Point: [4098, 2838, 5127]
Point: [4163, 3150, 3034]
Point: [4244, 5529, 8578]
Point: [4271, 8743, 5479]
Point: [4320, 2010, 8597]
Point: [4345, 258, 1987]
Point: [4360, 3138, 6607]
Point: [4408, 2802, 7758]
Point: [4417, 6652, 4557]
Point: [4423, 5867, 5199]
Point: [4548, 6714, 9283]
Point: [4583, 3540, 1578]
Point: [4622, 9860, 1445]
Point: [4636, 5209, 2744]
Point: [4640, 5051, 9226]
Point: [4644, 2659, 3515]
Point: [4732, 4001, 8135]
Point: [4743, 6816, 28]
Point: [4744, 4937, 911]
Point: [4992, 152, 2737]
Point: [5010, 2166, 7277]
Point: [5021, 187, 2215]
Point: [5088, 1614, 5030]
Point: [5146, 821, 1877]
Point: [5148, 4172, 6723]
Point: [5165, 4335, 6567]
Point: [5171, 9285, 6026]
Point: [5193, 9778, 9537]
Point: [5217, 8947, 5919]
Point: [5230, 9270, 7527]
Point: [5265, 1856, 493]
Point: [5328, 8682, 1556]
Point: [5331, 3673, 7253]
Point: [5459, 5909, 5484]
Point: [5606, 7647, 2523]
Point: [5631, 5812, 4548]
Point: [5631, 7380, 5536]
Point: [5635, 9255, 4208]
Point: [5658, 1021, 368]
Point: [5775, 8752, 9567]
Point: [5874, 4661, 6972]
Point: [5921, 9873, 3213]
Point: [5923, 8030, 5653]
Point: [5976, 3846, 1750]
Point: [5993, 2868, 4585]
Point: [6005, 1606, 4316]
Point: [6030, 8701, 4080]
Point: [6098, 3677, 4343]
Point: [6129, 2832, 4396]
Point: [6272, 4324, 1471]
Point: [6299, 3454, 1241]
Point: [6303, 1870, 8016]
Point: [6326, 2511, 2055]
Point: [6336, 4331, 5009]
Point: [6447, 7456, 9902]
Point: [6485, 5560, 6174]
Point: [6522, 503, 2755]
Point: [6607, 5750, 1987]
Point: [6718, 2759, 6999]
Point: [6729, 7346, 5267]
Point: [6731, 5062, 9753]
Point: [6781, 6525, 510]
Point: [6786, 921, 9358]
Point: [6786, 9162, 2320]
Point: [6800, 5910, 120]
Point: [6835, 1594, 2145]
Point: [6871, 8705, 684]
Point: [6876, 6450, 7244]
Point: [6879, 3355, 5893]
Point: [6884, 6262, 7516]
Point: [6896, 961, 9162]
Point: [6908, 4378, 8553]
Point: [6924, 715, 4440]
Point: [6979, 562, 1209]
Point: [6985, 3877, 415]
Point: [7005, 3179, 6112]
Point: [7005, 6059, 933]
Point: [7024, 8915, 1430]
Point: [7039, 5318, 4546]
Point: [7050, 1263, 5042]
Point: [7053, 231, 1234]
Point: [7089, 1118, 1779]
Point: [7156, 1371, 7807]
Point: [7218, 7208, 1642]
Point: [7361, 7405, 9932]
Point: [7365, 9675, 3569]
Point: [7395, 2555, 8164]
Point: [7458, 697, 9498]
Point: [7474, 1428, 9536]
Point: [7503, 876, 6321]
Point: [7594, 3768, 4058]
Point: [7597, 6317, 6567]
Point: [7643, 2749, 8081]
Point: [7713, 1173, 3250]
Point: [7719, 9006, 8945]
Point: [7747, 669, 12]
Point: [7772, 9946, 7015]
Point: [7812, 5528, 4002]
Point: [7948, 2650, 1958]
Point: [7960, 1753, 3245]
Point: [7976, 7360, 3134]
Point: [8095, 9477, 3480]
Point: [8155, 8650, 4966]
Point: [8178, 6970, 7084]
Point: [8209, 3614, 5005]
Point: [8212, 3601, 1837]
Point: [8224, 77, 1876]
Point: [8242, 716, 1756]
Point: [8285, 612, 46]
Point: [8289, 6534, 8423]
Point: [8321, 2379, 8564]
Point: [8474, 3139, 765]
Point: [8484, 3506, 9058]
Point: [8501, 3805, 5945]
Point: [8501, 7356, 9461]
Point: [8542, 728, 8222]
Point: [8629, 5407, 5703]
Point: [8635, 5637, 9860]
Point: [8650, 2666, 7696]
Point: [8669, 5491, 1270]
Point: [8673, 6393, 6837]
Point: [8762, 9854, 3862]
Point: [8803, 1283, 3793]
Point: [8830, 3009, 1641]
Point: [8850, 4918, 4275]
Point: [8858, 5755, 8154]
Point: [8861, 1119, 6231]
Point: [8885, 1711, 4524]
Point: [9041, 6121, 1570]
Point: [9053, 2166, 2746]
Point: [9133, 8574, 7009]
Point: [9199, 3614, 6221]
Point: [9249, 5605, 8847]
Point: [9261, 6779, 5002]
Point: [9385, 9846, 3058]
Point: [9407, 2188, 4214]
Point: [9453, 2754, 1174]
Point: [9539, 646, 6603]
Point: [9584, 1858, 5516]
Point: [9603, 9794, 2078]
Point: [9617, 6924, 2791]
Point: [9633, 1290, 3873]
Point: [9691, 2405, 2668]
Point: [9756, 2150, 3613]
Point: [9758, 2418, 1166]
Point: [9816, 4145, 580]
Point: [9833, 6325, 9825]
Point: [9869, 7561, 3249]
Point: [9877, 8470, 1821]
Point: [9935, 8943, 1524]
Point: [9964, 8945, 3848]
Point: [9973, 7664, 3899]
Point: [9990, 460, 1990]